4274319628
2005182425
2851261940
4282955236
2742079565
706355292
609899519
3601680600
2741760276
3331533701
854463050
688516321
2418777887
1512928140
4013612869
2339800488
3627350776
479760550
3176275040
3267568484
895995184
610989063
925630983
801879309
929105357
1220148126
4274319628
2005182425
2851261940
4282955236
2742079565
706355292
609899519
3601680600
2741760276
3331533701
854463050
688516321
2418777887
1512928140
4013612869
2339800488
3627350776
479760550
3176275040
3267568484
895995184
610989063
925630983
801879309
929105357
1220148126
4274319628
2005182425
2851261940
4282955236
2742079565
706355292
609899519
3601680600
2741760276
3331533701
854463050
688516321
2418777887
1512928140
4013612869
2339800488
3627350776
479760550
3176275040
3267568484
895995184
610989063
925630983
801879309
929105357
1220148126
