1459259683
3031301053
3023437778
1305921781
1390833523
3475092361
1722210346
3809891022
714178403
1811371538
1560521986
3094378631
2404719987
1544127990
2930212347
2336558742
4130180552
256428818
141928825
1861788432
918313607
3363436871
3969158630
2575218750
3036895562
828741421
2964473147
3355903562
424219451
4001054135
2626182201
2398615288
534308162
4278439266
1468357938
2139145070
3803228638
2839031549
3905298723
4061625771
3067088400
2113317788
722109700
2247426607
3344181868
1151848730
4138838381
3189187235
1269982416
2578309614
58131569
1517909223
1281843611
1493773754
2870234862
933460403
1508632099
3157405767
542890014
3030688817
925887444
857811121
3212472108
3791349228
3349947843
2892689090
3802368861
3469179282
1951743117
4013052405
3376659812
3947256090
2175763541
1896017927
1857954448
1535388304
105195186
4152322742
3411363329
2830344482
775845899
2477599378
3073995551
2968653284
2521000282
136624738
2648227530
3043940842
3286467873
3909585427
4098218764
3373531467
1277103314
3626279722
219996765
3636345339
1601749675
1058432152
3294103850
1983699756
2568776365
2794385324
2803691376
1075000228
4114446109
1040816733
548068163
3245353017
1837863639
2132043281
828020341
1151107417
2639558470
447283505
2456348789
4089786233
2926245129
431774148
2916564984
2571665017
3513664367
1512880966
1924498088
3655072908
1233314788
682697720
3173740019
977762743
4142758449
162557926
1747258901
821936254
1512453642
1010631786
